sample	efficiency
110	45.1
111	47.1
113	50.1
114	49.1
131	45.2
132	44.6
164	45.2
165	45.8
166	47.7
192	47.4
193	47.0
194	45.2
195	45.9
196	47.9
197	44.5
213	45.1
214	42.7
215	44.1
216	45.7
217	47.2
218	44.1
71	50.3
106	43.7
107	46.9
108	46.0
109	48.2
128	55.6
129	49.3
130	51.0
133	46.0
134	48.6
135	50.3
140	50.9
141	48.4
142	49.6
143	49.8
14	52.3
16	47.6
454	48.7
455	49.8
456	50.4
457	47.8
77	50.7
78	50.0
136	47.9
169	46.3
170	47.3
171	47.0
172	49.2
173	47.7
21	51.6
23	48.1
24	55.8
26	55.4
276	47.4
277	49.7
278	49.1
281	46.2
444	50.4
445	49.6
446	46.9
447	50.7
47	51.4
48	52.0
86	48.1
87	48.7
167	43.4
168	52.7
174	47.8
175	49.1
231	50.5
232	48.6
346	47.5
347	48.8
348	48.5
352	51.5
353	49.2
354	50.5
355	46.9
451	48.9
452	50.7
453	52.0
67	47.9
68	48.6
69	50.3
72	48.4
84	51.5
85	48.1
176	46.6
227	47.7
228	47.8
229	49.3
238	48.6
239	48.1
240	45.3
269	48.8
270	47.2
282	44.7
283	45.5
284	50.4
307	50.2
308	47.8
309	46.5
310	48.9
394	48.4
395	44.6
59	53.9
95	50.2
96	48.7
97	48.5
10	52.1
11	49.4
279	51.3
280	47.1
285	44.1
286	48.0
299	49.9
300	49.3
301	50.9
302	50.6
303	52.3
304	51.5
335	47.7
349	49.5
350	48.8
351	48.9
3	53.1
401	45.7
40	50.2
41	50.4
56	52.7
5	49.9
104	47.4
105	48.2
124	56.4
125	45.8
403	50.8
404	51.0
405	50.8
406	51.0
419	49.6
420	51.0
57	53.7
58	53.8
61	54.5
62	55.0
73	53.2
74	56.4
75	56.8
76	56.2
88	53.4
89	52.8
91	51.5
92	50.2
137	48.4
138	48.6
139	48.9
144	49.6
145	49.6
147	50.3
148	53.6
149	50.5
150	49.0
221	50.3
222	48.6
233	51.4
236	51.6
237	53.1
241	50.8
242	49.8
412	51.7
413	52.1
414	48.0
448	47.4
449	51.9
450	48.9
259	47.0
260	50.7
311	47.7
312	50.8
313	48.8
322	43.3
323	48.5
329	44.1
330	50.6
331	49.0
332	49.1
333	50.3
334	50.9
342	48.8
343	50.3
344	45.1
367	46.0
368	47.8
369	46.1
421	48.4
422	48.7
70	52.4
146	49.5
189	49.0
226	50.4
230	52.5
248	50.7
27	51.2
382	52.0
383	51.8
386	50.4
387	52.7
38	53.5
397	50.9
398	51.0
399	51.8
39	54.0
424	48.6
425	51.3
426	51.3
427	51.7
434	50.0
435	51.1
90	54.3
249	49.2
287	50.0
315	50.4
328	49.2
356	50.5
357	50.4
358	51.8
362	48.9
363	48.3
364	51.4
384	50.9
385	50.7
388	51.2
396	50.2
411	52.6
415	50.3
439	49.2
440	51.2
441	51.4
442	50.6
458	47.5
459	47.2
115	48.5
116	44.3
151	52.3
152	51.1
1	46.6
243	47.1
244	46.9
245	45.2
246	47.8
247	48.8
261	48.3
262	45.9
326	48.5
327	48.7
359	43.5
360	47.2
361	47.3
53	45.7
54	50.5
7	55.1
8	47.4
9	50.5
119	48.1
121	46.9
135	46.0
136	48.8
175	45.6
176	49.9
191	44.6
263	49.6
416	48.7
417	51.1
418	50.3
423	50.7
428	48.9
429	50.6
430	50.4
436	47.0
437	49.4
438	50.8
443	50.4
70	48.3
71	51.8
7	54.3
117	49.7
118	50.0
190	41.6
191	46.4
198	46.3
199	46.3
200	43.6
201	48.0
202	44.7
264	48.6
265	47.7
266	45.9
267	47.5
268	47.0
324	49.0
325	48.5
336	47.7
337	43.3
338	48.1
339	45.6
340	48.9
341	49.3
153	51.8
154	50.8
183	46.9
203	48.7
204	49.9
205	49.9
210	50.0
211	48.4
212	49.9
219	51.2
220	50.7
234	52.3
235	50.8
271	52.0
272	49.6
290	45.5
291	47.8
292	48.2
293	49.7
296	43.7
297	45.8
298	47.1
12	46.4
155	49.8
156	46.7
157	50.5
158	49.5
159	49.5
160	48.2
17	48.5
19	48.0
20	46.1
389	48.3
390	49.0
391	47.6
392	51.7
393	49.5
79	50.7
80	54.0
81	53.4
82	48.2
83	48.8
93	50.1
94	49.8
100	45.2
101	49.9
102	45.5
103	51.4
185	45.4
186	47.2
187	46.2
188	44.9
206	47.2
207	44.3
208	45.2
209	45.0
273	50.5
274	46.5
275	51.4
305	46.9
306	47.1
43	52.2
45	45.5
46	44.6
98	42.4
99	49.7
126	47.5
127	51.1
161	44.2
162	45.4
163	45.6
250	45.0
251	47.0
252	48.7
254	46.3
255	47.2
256	47.8
257	45.2
258	45.0
34	50.3
35	49.1
36	49.7
370	47.9
371	46.6
377	44.4
378	47.1
379	46.3
37	49.2
119	49.9
120	53.4
288	47.3
289	49.3
316	44.8
317	46.9
318	49.5
319	46.3
320	48.1
321	46.8
32	52.2
33	51.9
365	49.3
366	50.5
407	50.6
408	49.3
409	48.9
410	46.8
49	53.6
50	49.3
51	48.6
52	45.9
121	46.5
122	46.6
123	45.8
177	46.1
178	45.6
179	52.3
180	49.4
181	49.3
182	53.6
28	53.0
294	44.4
295	46.1
29	50.6
30	45.3
372	48.7
373	49.5
374	49.5
375	48.9
376	49.9
63	51.4
65	46.1
66	48.8
111	47.5
112	44.6
13	49.4
15	50.0
184	46.0
18	51.9
1	46.8
22	50.5
250	47.4
253	53.2
25	51.2
2	48.1
31	52.1
32	51.0
42	50.0
44	50.1
55	49.4
56	53.8
60	49.8
63	51.7
64	53.4
6	53.3
*trimmed_filt_merged.1_bismark_bt2_PE_report.txt	
